-9.872582055356958 0.23157140209032434 -0.23197380692245417 -4.8950077226512745 -9.872837472900947 2.1206804289630554 9.04993005492716 -5.325867839859157 9.666894708445902 -7.303483738855081 -2.6165058214893744 -9.524467774619428 
-8.51315873460548 2.442558324047692 1.446561617789646 -7.045877085724969 -5.357195451290428 8.960194693530788 2.2302325222315744 6.876286049635301 -8.807850239364024 -3.5337654379700183 4.978856986319602 -6.224582680870041 
-9.2795251155788 -0.4791915384375258 1.9511693539908386 1.2577545679025661 2.7806207881521026 9.744982873321245 -6.3217028203221854 -6.5398240678350845 -3.2003991901818623 -8.96213140105048 1.3871528728498284 -5.947876951798452 
7.629600514817245 2.980865920664421 -4.147230465087386 4.897249398566979 -4.340731634991172 1.562849996333549 -5.247694595393471 -5.9789568364287415 9.962252579769409 8.204425279288635 -8.760837958342789 -7.861305559732958 
1.2524074213420668 2.692954785365579 -9.409406156281834 -2.5343896758218847 -1.290527622898166 -2.3053668297373235 -4.095866997957593 2.185044752086881 0.19484846795929833 8.651724395222136 8.816944985895145 3.9766339733813716 
-6.667383050007891 -6.998648648585785 6.212602958822767 -2.9882818505935145 -9.287598943059427 2.9855399023191325 1.7725694802047993 -8.43501153978239 -7.700140698074729 9.295616704743587 -0.757063478503774 -3.0572167946634625 
-5.644534184166616 -2.690556405888202 -5.052801402192846 -4.309179750301626 4.720456869186604 -9.698179941377095 -0.21204552142546262 -7.766139248610109 6.0435982158449235 -1.1624924045009681 1.7963101000212944 -2.866385143658878 
3.5324153845045245 4.78049937010395 -5.715163781211232 -3.8131110277960545 5.612552759739355 -3.7626670099406017 -2.5842220148573176 8.013017518216941 1.320912106394026 -7.692153886930608 5.013341364669499 -7.05915537535482 
0.4680455695588073 -4.9995113213937925 6.846617723587119 2.8892363764547255 1.9712611964189328 -3.3168153927681576 9.055875116345497 5.667145559742989 6.255675618078634 -9.553704288225846 -7.3159831754171805 4.87441811159141 
3.800608736690707 9.985898167227269 3.7792938553232336 -4.351908983731596 2.6178289558931223 -1.4490701735407185 -2.772225028919846 5.079957465442595 3.9891151582340036 0.1724909815344411 0.9143726906696372 6.125040774754179 
7.061987039144899 -2.7927672390700824 -8.988874036263827 -7.567877757766974 -1.7669604207474716 -8.594766308884747 5.097205182350065 -3.9958545786646464 -5.990518409327978 -4.465498817132676 -2.016234167860665 2.370176495372311 
3.80232498950269 2.9924024039997317 -7.570666457656712 9.654218304829417 -5.54212627579302 5.704514206199276 3.4604051945267837 0.9731248493928355 5.126499765231456 -8.964675960312249 -6.798118131099029 -0.3141101462418856 
