-6.016100138523757 -3.8176835130692304 -9.310946963434748 -7.993840919571992 6.813568287873963 6.624504198116707 -1.8389076469032553 -6.16815210314156 2.0854000680322056 -0.3399726618726362 3.308469254360581 1.512763844216849 
-6.87287247602068 -8.803188527726896 8.251558689811183 -1.4482633557401812 0.3819613987067214 7.7831237572607 7.753443521594889 0.02426759131440015 3.5276600038343453 3.665993080457376 5.663570503634503 8.858439654549638 
-6.87287247602068 -8.803188527726896 8.251558689811183 -7.993840919571992 6.813568287873963 6.624504198116707 -1.8389076469032553 -6.16815210314156 2.0854000680322056 -0.3399726618726362 3.308469254360581 1.512763844216849 
-6.87287247602068 -8.803188527726896 8.251558689811183 -7.993840919571992 -9.366580631177454 6.624504198116707 -1.8389076469032553 -6.16815210314156 2.0854000680322056 3.665993080457376 5.663570503634503 8.858439654549638 
-2.5904852603154076 -2.9935629082565267 6.449132916626507 -9.314639726950203 7.5645251404168405 6.624504198116707 -1.8389076469032553 -6.16815210314156 2.0854000680322056 -0.3399726618726362 3.308469254360581 1.512763844216849 
-6.87287247602068 -8.803188527726896 8.251558689811183 -7.993840919571992 6.813568287873963 6.624504198116707 -1.8389076469032553 -6.16815210314156 2.0854000680322056 -0.3399726618726362 3.308469254360581 -6.639847350923476 
-6.87287247602068 -8.803188527726896 8.251558689811183 -7.993840919571992 -9.366580631177454 6.624504198116707 -1.8389076469032553 -6.16815210314156 2.0854000680322056 3.665993080457376 5.663570503634503 8.858439654549638 
-6.016100138523757 -3.8176835130692304 -4.012701200437634 -1.4482633557401812 0.3819613987067214 7.7831237572607 7.753443521594889 0.02426759131440015 3.5276600038343453 3.665993080457376 5.663570503634503 8.858439654549638 
-2.5904852603154076 -2.9935629082565267 6.449132916626507 -1.4482633557401812 0.3819613987067214 7.7831237572607 7.753443521594889 0.02426759131440015 3.5276600038343453 3.665993080457376 5.663570503634503 8.858439654549638 
-6.016100138523757 -3.8176835130692304 -9.310946963434748 -9.314639726950203 7.5645251404168405 6.624504198116707 -1.8389076469032553 -6.16815210314156 2.0854000680322056 -0.3399726618726362 3.308469254360581 1.512763844216849 
-2.5904852603154076 -2.9935629082565267 6.449132916626507 -9.314639726950203 7.5645251404168405 6.624504198116707 -1.8389076469032553 -6.16815210314156 2.0854000680322056 3.665993080457376 5.663570503634503 8.858439654549638 
-6.87287247602068 -8.803188527726896 8.251558689811183 -7.993840919571992 -9.366580631177454 6.624504198116707 -1.8389076469032553 -6.16815210314156 2.0854000680322056 -0.3399726618726362 3.308469254360581 1.512763844216849 
